Suppliers    1 2 3 4 5 6 7 8 9 10 11 12 13 14 15 
Fixed Ordering cost of each supplier o_s
 113 120 102 90 98 86 117 110 89 101 112 91 93 121 95
Unit price from each supplier (p_t)
 10 9 12 14 12 14 9 10 14 12 10 14 13 9 13
Holding Cost h
 0.2
Backordering Cost b
 0.4
Imax
 70
Time Period 1 2 3 4 5 6 7 8 9 10 11 12 13 14 15 16 17 18 19 20 21 22 23 24 25 26 27 28 29 30 31 32 33 34 35 36 37 38 39 40 
Demand d_t
 0 0 0 0 0 0 0 0 0 0 0 38 35 25 38 27 34 26 21 34 30 22 23 26 38 37 24 35 33 34 32 32 30 28 37 23 35 25 32 39 30 30 32 36 29 39 36 25 27 28 25
LMax (LMax_t)
 7 5 5 5 11 11 9 11 9 9 7 3 9 5 7
LMin (LMin_t)
 1 0 0 0 1 1 0 1 3 3 0 1 0 3 1





//////////////////
Comments:
Lmean = 4 2.5 2.5 2.5 6 6 4.5 6 6 6 3.5 2 4.5 4 4 
EOQ =160.624
T = 40
S = 15
TBO =6
b/h =2
//////////////////
