Suppliers    1 2 3 4 5 6 7 8 9 10 11 12 13 14 15 
Fixed Ordering cost of each supplier o_s
 114 113 120 95 87 101 86 117 89 94 106 102 103 109 92
Unit price from each supplier (p_t)
 16 16 15 19 20 18 20 15 20 19 17 18 18 17 19
Holding Cost h
 0.2
Backordering Cost b
 1.6
Imax
 70
Time Period 1 2 3 4 5 6 7 8 9 10 11 12 13 14 15 16 17 18 19 20 21 22 23 24 25 26 27 28 29 30 31 32 33 34 35 36 37 38 39 40 
Demand d_t
 0 0 0 0 0 0 0 0 0 0 0 27 20 40 35 32 23 21 24 35 21 21 26 37 33 33 26 39 38 34 33 27 31 30 20 40 20 21 25 40 33 23 21 36 24 27 32 32 32 39 22
LMax (LMax_t)
 5 7 5 9 9 9 11 9 7 7 7 5 3 3 11
LMin (LMin_t)
 0 1 0 3 0 3 1 0 1 0 0 0 1 1 1





//////////////////
Comments:
Lmean = 2.5 4 2.5 6 4.5 6 6 4.5 4 3.5 3.5 2.5 2 2 6 
EOQ =160.624
T = 40
S = 15
TBO =6
b/h =8
//////////////////
