Suppliers    1 2 3 4 5 6 7 8 9 10 11 12 13 14 15 
Fixed Ordering cost of each supplier o_s
 38 46 48 40 58 57 54 50 41 52 45 53 55 56 49
Unit price from each supplier (p_t)
 13 12 12 13 10 10 11 11 13 11 12 11 11 10 12
Holding Cost h
 0.2
Backordering Cost b
 2.4
Imax
 70
Time Period 1 2 3 4 5 6 7 8 9 10 11 12 13 14 15 16 17 18 19 20 21 22 23 24 25 26 27 28 29 30 31 32 33 34 35 36 37 38 39 40 
Demand d_t
 0 0 0 0 0 0 0 0 0 0 0 25 27 30 30 21 22 35 23 40 32 24 29 28 20 40 32 36 38 38 38 21 22 22 32 26 36 29 29 27 40 39 20 39 39 38 34 27 21 28 31
LMax (LMax_t)
 11 7 5 7 7 9 5 11 7 7 9 9 3 11 7
LMin (LMin_t)
 1 0 0 0 0 0 0 1 1 0 0 3 1 1 5





//////////////////
Comments:
Lmean = 6 3.5 2.5 3.5 3.5 4.5 2.5 6 4 3.5 4.5 6 2 6 6 
EOQ =106.771
T = 40
S = 15
TBO =4
b/h =12
//////////////////
