Suppliers    1 2 3 4 5 6 7 8 9 10 11 12 13 14 15 
Fixed Ordering cost of each supplier o_s
 111 95 113 117 112 121 90 118 106 115 91 116 109 89 103
Unit price from each supplier (p_t)
 13 16 13 12 13 12 17 12 14 13 17 12 14 17 15
Holding Cost h
 0.2
Backordering Cost b
 1.6
Imax
 70
Time Period 1 2 3 4 5 6 7 8 9 10 11 12 13 14 15 16 17 18 19 20 21 22 23 24 25 26 27 28 29 30 31 32 33 34 35 36 37 38 39 40 
Demand d_t
 0 0 0 0 0 0 0 0 0 0 0 31 21 37 38 33 29 24 21 36 23 31 40 26 23 32 26 20 33 29 33 36 23 36 23 28 23 28 36 29 23 32 23 23 22 26 39 33 39 39 20
LMax (LMax_t)
 9 7 7 9 7 5 5 7 7 3 3 11 7 9 7
LMin (LMin_t)
 0 1 1 0 0 3 0 0 0 1 1 1 5 3 5





//////////////////
Comments:
Lmean = 4.5 4 4 4.5 3.5 4 2.5 3.5 3.5 2 2 6 6 6 6 
EOQ =160.624
T = 40
S = 15
TBO =6
b/h =8
//////////////////
