Suppliers    1 2 3 4 5 6 7 8 9 10 11 12 13 14 15 
Fixed Ordering cost of each supplier o_s
 105 87 109 89 95 101 103 113 119 92 98 104 121 108 102
Unit price from each supplier (p_t)
 14 17 14 17 16 15 15 13 12 16 15 14 12 14 15
Holding Cost h
 0.2
Backordering Cost b
 1.6
Imax
 70
Time Period 1 2 3 4 5 6 7 8 9 10 11 12 13 14 15 16 17 18 19 20 21 22 23 24 25 26 27 28 29 30 31 32 33 34 35 36 37 38 39 40 
Demand d_t
 0 0 0 0 0 0 0 0 0 0 0 27 31 33 35 32 20 25 32 23 39 29 28 31 39 22 29 32 36 28 40 28 33 23 34 38 32 26 24 34 38 25 37 23 39 21 35 33 28 25 33
LMax (LMax_t)
 9 9 7 7 7 9 5 9 9 11 11 11 5 5 5
LMin (LMin_t)
 0 0 5 1 1 3 3 3 3 1 1 1 3 0 0





//////////////////
Comments:
Lmean = 4.5 4.5 6 4 4 6 4 6 6 6 6 6 4 2.5 2.5 
EOQ =160.624
T = 40
S = 15
TBO =6
b/h =8
//////////////////
