Suppliers    1 2 3 4 5 6 7 8 9 10 11 12 13 14 15 
Fixed Ordering cost of each supplier o_s
 98 100 95 106 116 110 114 93 105 107 97 88 89 115 121
Unit price from each supplier (p_t)
 11 11 12 10 8 9 9 12 10 10 12 13 13 9 8
Holding Cost h
 0.2
Backordering Cost b
 0.4
Imax
 70
Time Period 1 2 3 4 5 6 7 8 9 10 11 12 13 14 15 16 17 18 19 20 21 22 23 24 25 26 27 28 29 30 31 32 33 34 35 36 37 38 39 40 
Demand d_t
 0 0 0 0 0 0 0 0 0 0 0 24 34 25 22 35 21 31 23 23 21 24 23 32 32 20 26 22 31 39 23 21 35 23 27 24 32 34 34 36 27 26 40 26 39 31 25 38 21 36 38
LMax (LMax_t)
 11 7 7 7 11 11 5 9 9 9 7 7 7 7 3
LMin (LMin_t)
 1 0 1 0 1 1 0 0 0 3 5 0 1 5 1





//////////////////
Comments:
Lmean = 6 3.5 4 3.5 6 6 2.5 4.5 4.5 6 6 3.5 4 6 2 
EOQ =160.624
T = 40
S = 15
TBO =6
b/h =2
//////////////////
