Suppliers    1 2 3 4 5 6 7 8 9 10 11 12 13 14 15 
Fixed Ordering cost of each supplier o_s
 101 103 106 92 97 94 105 86 88 107 116 110 91 102 99
Unit price from each supplier (p_t)
 17 17 16 18 18 18 16 19 19 16 14 15 19 17 17
Holding Cost h
 0.2
Backordering Cost b
 2.4
Imax
 70
Time Period 1 2 3 4 5 6 7 8 9 10 11 12 13 14 15 16 17 18 19 20 21 22 23 24 25 26 27 28 29 30 31 32 33 34 35 36 37 38 39 40 
Demand d_t
 0 0 0 0 0 0 0 0 0 0 0 34 29 38 27 39 25 35 35 40 21 23 34 37 30 23 28 35 25 38 31 27 26 23 39 31 22 33 24 22 30 32 36 20 30 20 36 31 40 39 25
LMax (LMax_t)
 9 5 7 11 5 7 9 11 7 7 11 11 7 5 9
LMin (LMin_t)
 3 3 0 1 3 0 0 1 0 1 1 1 5 0 0





//////////////////
Comments:
Lmean = 6 4 3.5 6 4 3.5 4.5 6 3.5 4 6 6 6 2.5 4.5 
EOQ =160.624
T = 40
S = 15
TBO =6
b/h =12
//////////////////
