Suppliers    1 2 3 4 5 6 7 8 9 10 11 12 13 14 15 
Fixed Ordering cost of each supplier o_s
 121 104 94 101 107 120 117 111 112 106 98 99 87 102 109
Unit price from each supplier (p_t)
 8 10 12 11 10 8 8 9 9 10 11 11 13 11 10
Holding Cost h
 0.2
Backordering Cost b
 1.6
Imax
 70
Time Period 1 2 3 4 5 6 7 8 9 10 11 12 13 14 15 16 17 18 19 20 21 22 23 24 25 26 27 28 29 30 31 32 33 34 35 36 37 38 39 40 
Demand d_t
 0 0 0 0 0 0 0 0 0 0 0 20 20 31 21 23 25 39 37 27 28 39 21 27 31 39 39 20 23 24 33 33 39 26 25 32 37 28 29 24 38 37 33 30 23 27 20 25 39 29 33
LMax (LMax_t)
 3 11 7 7 9 5 9 9 7 7 11 9 9 5 5
LMin (LMin_t)
 1 1 0 1 3 0 0 0 0 0 1 0 0 0 3





//////////////////
Comments:
Lmean = 2 6 3.5 4 6 2.5 4.5 4.5 3.5 3.5 6 4.5 4.5 2.5 4 
EOQ =160.624
T = 40
S = 15
TBO =6
b/h =8
//////////////////
