Suppliers    1 2 3 4 5 6 7 8 9 10 11 12 13 14 15 
Fixed Ordering cost of each supplier o_s
 97 89 90 91 96 119 108 94 110 121 120 118 109 99 93
Unit price from each supplier (p_t)
 12 13 13 13 12 8 10 12 9 8 8 8 10 11 12
Holding Cost h
 0.2
Backordering Cost b
 0.4
Imax
 70
Time Period 1 2 3 4 5 6 7 8 9 10 11 12 13 14 15 16 17 18 19 20 21 22 23 24 25 26 27 28 29 30 31 32 33 34 35 36 37 38 39 40 
Demand d_t
 0 0 0 0 0 0 0 0 0 0 0 28 25 32 23 32 30 26 36 25 37 40 38 28 23 25 33 23 29 22 32 36 30 36 28 23 35 26 37 30 26 28 34 24 24 32 21 30 24 26 25
LMax (LMax_t)
 5 9 5 7 5 7 5 7 11 5 5 7 3 9 9
LMin (LMin_t)
 3 3 0 5 0 1 0 0 1 3 0 0 1 0 0





//////////////////
Comments:
Lmean = 4 6 2.5 6 2.5 4 2.5 3.5 6 4 2.5 3.5 2 4.5 4.5 
EOQ =160.624
T = 40
S = 15
TBO =6
b/h =2
//////////////////
