Suppliers    1 2 3 4 5 6 7 8 9 10 11 12 13 14 15 
Fixed Ordering cost of each supplier o_s
 106 115 86 120 110 108 119 95 92 94 97 118 112 101 99
Unit price from each supplier (p_t)
 11 10 14 9 10 11 9 13 13 13 13 9 10 12 12
Holding Cost h
 0.2
Backordering Cost b
 2.4
Imax
 70
Time Period 1 2 3 4 5 6 7 8 9 10 11 12 13 14 15 16 17 18 19 20 21 22 23 24 25 26 27 28 29 30 31 32 33 34 35 36 37 38 39 40 
Demand d_t
 0 0 0 0 0 0 0 0 0 0 0 35 40 20 28 28 40 40 20 26 36 36 25 34 20 38 25 26 25 35 30 22 26 32 34 26 30 28 28 23 30 38 37 20 26 29 20 28 33 28 38
LMax (LMax_t)
 7 5 11 5 11 5 9 7 11 7 3 7 7 9 9
LMin (LMin_t)
 0 3 1 0 1 0 3 1 1 0 1 0 0 3 0





//////////////////
Comments:
Lmean = 3.5 4 6 2.5 6 2.5 6 4 6 3.5 2 3.5 3.5 6 4.5 
EOQ =160.624
T = 40
S = 15
TBO =6
b/h =12
//////////////////
