Suppliers    1 2 3 4 5 6 7 8 9 10 11 12 13 14 15 
Fixed Ordering cost of each supplier o_s
 89 113 110 94 117 87 115 93 97 103 92 116 86 104 120
Unit price from each supplier (p_t)
 12 8 8 11 7 12 8 11 11 10 11 7 12 9 7
Holding Cost h
 0.2
Backordering Cost b
 0.4
Imax
 70
Time Period 1 2 3 4 5 6 7 8 9 10 11 12 13 14 15 16 17 18 19 20 21 22 23 24 25 26 27 28 29 30 31 32 33 34 35 36 37 38 39 40 
Demand d_t
 0 0 0 0 0 0 0 0 0 0 0 36 33 39 30 38 27 33 37 33 32 22 40 26 40 38 21 33 20 25 32 32 31 33 25 29 39 39 32 27 36 36 37 33 23 34 22 40 35 38 23
LMax (LMax_t)
 9 9 11 7 9 9 7 9 7 5 11 11 11 11 5
LMin (LMin_t)
 3 3 1 0 0 0 5 0 5 3 1 1 1 1 0





//////////////////
Comments:
Lmean = 6 6 6 3.5 4.5 4.5 6 4.5 6 4 6 6 6 6 2.5 
EOQ =160.624
T = 40
S = 15
TBO =6
b/h =2
//////////////////
