Suppliers    1 2 3 4 5 6 7 8 9 10 11 12 13 14 15 
Fixed Ordering cost of each supplier o_s
 55 42 53 49 44 45 38 56 43 41 46 39 48 40 58
Unit price from each supplier (p_t)
 17 19 17 18 18 18 19 16 19 19 18 19 18 19 16
Holding Cost h
 0.2
Backordering Cost b
 0.4
Imax
 70
Time Period 1 2 3 4 5 6 7 8 9 10 11 12 13 14 15 16 17 18 19 20 21 22 23 24 25 26 27 28 29 30 31 32 33 34 35 36 37 38 39 40 
Demand d_t
 0 0 0 0 0 0 0 0 0 0 0 25 20 22 34 33 39 23 22 22 20 23 34 30 26 23 21 40 38 20 24 21 20 32 27 30 32 24 30 40 36 24 28 26 20 29 33 33 32 34 32
LMax (LMax_t)
 5 5 7 3 11 9 11 11 3 7 7 9 5 7 7
LMin (LMin_t)
 3 0 1 1 1 0 1 1 1 1 0 0 0 0 0





//////////////////
Comments:
Lmean = 4 2.5 4 2 6 4.5 6 6 2 4 3.5 4.5 2.5 3.5 3.5 
EOQ =106.771
T = 40
S = 15
TBO =4
b/h =2
//////////////////
