Suppliers    1 2 3 4 5 6 7 8 9 10 11 12 13 14 15 
Fixed Ordering cost of each supplier o_s
 46 52 41 38 42 57 44 48 50 51 58 47 49 39 56
Unit price from each supplier (p_t)
 11 10 12 12 12 9 11 11 10 10 9 11 11 12 9
Holding Cost h
 0.2
Backordering Cost b
 2.4
Imax
 70
Time Period 1 2 3 4 5 6 7 8 9 10 11 12 13 14 15 16 17 18 19 20 21 22 23 24 25 26 27 28 29 30 31 32 33 34 35 36 37 38 39 40 
Demand d_t
 0 0 0 0 0 0 0 0 0 0 0 26 24 32 23 22 23 40 31 29 22 27 29 29 25 32 33 24 36 21 37 36 28 27 38 21 37 26 26 32 37 36 39 36 34 36 37 32 33 29 37
LMax (LMax_t)
 7 7 7 11 5 9 11 5 11 9 7 9 3 9 11
LMin (LMin_t)
 0 0 1 1 0 0 1 0 1 0 0 3 1 0 1





//////////////////
Comments:
Lmean = 3.5 3.5 4 6 2.5 4.5 6 2.5 6 4.5 3.5 6 2 4.5 6 
EOQ =106.771
T = 40
S = 15
TBO =4
b/h =12
//////////////////
