Suppliers    1 2 3 4 5 6 7 8 9 10 11 12 13 14 15 
Fixed Ordering cost of each supplier o_s
 54 57 40 38 49 55 39 42 46 50 56 48 52 44 53
Unit price from each supplier (p_t)
 9 8 11 11 10 9 11 11 10 9 8 10 9 10 9
Holding Cost h
 0.2
Backordering Cost b
 2.4
Imax
 70
Time Period 1 2 3 4 5 6 7 8 9 10 11 12 13 14 15 16 17 18 19 20 21 22 23 24 25 26 27 28 29 30 31 32 33 34 35 36 37 38 39 40 
Demand d_t
 0 0 0 0 0 0 0 0 0 0 0 28 37 38 35 23 40 37 29 26 30 29 32 35 27 29 30 25 32 39 35 34 30 23 38 35 35 37 24 33 33 30 25 30 28 38 38 23 38 40 33
LMax (LMax_t)
 5 9 7 11 3 5 9 5 7 11 11 5 7 11 9
LMin (LMin_t)
 0 0 0 1 1 3 0 0 0 1 1 0 0 1 3





//////////////////
Comments:
Lmean = 2.5 4.5 3.5 6 2 4 4.5 2.5 3.5 6 6 2.5 3.5 6 6 
EOQ =106.771
T = 40
S = 15
TBO =4
b/h =12
//////////////////
