Suppliers    1 2 3 4 5 6 7 8 9 10 11 12 13 14 15 
Fixed Ordering cost of each supplier o_s
 46 41 42 48 52 39 40 45 51 38 58 56 53 57 44
Unit price from each supplier (p_t)
 17 18 18 17 16 18 18 17 16 18 15 15 16 15 17
Holding Cost h
 0.2
Backordering Cost b
 1.6
Imax
 70
Time Period 1 2 3 4 5 6 7 8 9 10 11 12 13 14 15 16 17 18 19 20 21 22 23 24 25 26 27 28 29 30 31 32 33 34 35 36 37 38 39 40 
Demand d_t
 0 0 0 0 0 0 0 0 0 0 0 38 35 28 32 33 24 27 40 21 27 39 29 34 25 26 39 24 21 35 35 26 36 37 30 39 27 28 21 32 26 23 25 20 20 28 21 27 30 28 35
LMax (LMax_t)
 7 9 5 5 7 9 7 9 9 11 7 11 9 9 11
LMin (LMin_t)
 0 3 0 0 0 0 0 0 0 1 0 1 3 0 1





//////////////////
Comments:
Lmean = 3.5 6 2.5 2.5 3.5 4.5 3.5 4.5 4.5 6 3.5 6 6 4.5 6 
EOQ =106.771
T = 40
S = 15
TBO =4
b/h =8
//////////////////
