Suppliers    1 2 3 4 5 6 7 8 9 10 11 12 13 14 15 
Fixed Ordering cost of each supplier o_s
 111 113 90 92 97 117 94 91 109 100 88 86 89 103 106
Unit price from each supplier (p_t)
 8 8 12 11 11 7 11 12 9 10 12 12 12 10 9
Holding Cost h
 0.2
Backordering Cost b
 2.4
Imax
 70
Time Period 1 2 3 4 5 6 7 8 9 10 11 12 13 14 15 16 17 18 19 20 21 22 23 24 25 26 27 28 29 30 31 32 33 34 35 36 37 38 39 40 
Demand d_t
 0 0 0 0 0 0 0 0 0 0 0 21 38 34 21 28 35 29 31 29 38 37 29 21 37 25 37 22 27 29 36 31 40 27 39 20 38 35 33 29 20 23 30 22 22 38 28 39 32 20 26
LMax (LMax_t)
 9 7 5 11 7 9 7 5 3 7 7 11 7 3 7
LMin (LMin_t)
 0 1 0 1 5 0 0 3 1 0 0 1 1 1 0





//////////////////
Comments:
Lmean = 4.5 4 2.5 6 6 4.5 3.5 4 2 3.5 3.5 6 4 2 3.5 
EOQ =160.624
T = 40
S = 15
TBO =6
b/h =12
//////////////////
