Suppliers    1 2 3 4 5 6 7 8 9 10 11 12 13 14 15 
Fixed Ordering cost of each supplier o_s
 54 47 56 46 53 52 45 39 57 44 49 38 58 42 40
Unit price from each supplier (p_t)
 15 16 14 16 15 15 16 17 14 16 16 17 14 17 17
Holding Cost h
 0.2
Backordering Cost b
 2.4
Imax
 70
Time Period 1 2 3 4 5 6 7 8 9 10 11 12 13 14 15 16 17 18 19 20 21 22 23 24 25 26 27 28 29 30 31 32 33 34 35 36 37 38 39 40 
Demand d_t
 0 0 0 0 0 0 0 0 0 0 0 21 27 37 27 37 29 38 38 32 21 23 39 26 23 30 38 35 35 38 25 33 23 35 34 37 40 32 28 30 32 21 20 35 24 39 26 28 34 21 37
LMax (LMax_t)
 5 7 11 7 9 7 9 9 9 11 7 11 7 5 7
LMin (LMin_t)
 0 1 1 0 3 0 0 0 0 1 5 1 0 0 0





//////////////////
Comments:
Lmean = 2.5 4 6 3.5 6 3.5 4.5 4.5 4.5 6 6 6 3.5 2.5 3.5 
EOQ =106.771
T = 40
S = 15
TBO =4
b/h =12
//////////////////
