Suppliers    1 2 3 4 5 6 7 8 9 10 11 12 13 14 15 
Fixed Ordering cost of each supplier o_s
 50 44 51 52 48 42 46 38 53 47 56 39 43 54 49
Unit price from each supplier (p_t)
 16 17 16 16 17 18 17 18 16 17 15 18 18 16 17
Holding Cost h
 0.2
Backordering Cost b
 2.4
Imax
 70
Time Period 1 2 3 4 5 6 7 8 9 10 11 12 13 14 15 16 17 18 19 20 21 22 23 24 25 26 27 28 29 30 31 32 33 34 35 36 37 38 39 40 
Demand d_t
 0 0 0 0 0 0 0 0 0 0 0 24 35 31 39 24 29 29 21 24 24 31 40 23 28 30 20 26 33 36 34 20 40 25 25 22 32 24 34 20 34 28 33 21 34 36 31 26 22 20 34
LMax (LMax_t)
 11 11 9 7 5 5 7 11 9 9 11 9 3 5 7
LMin (LMin_t)
 1 1 0 0 0 0 0 1 3 3 1 0 1 0 5





//////////////////
Comments:
Lmean = 6 6 4.5 3.5 2.5 2.5 3.5 6 6 6 6 4.5 2 2.5 6 
EOQ =106.771
T = 40
S = 15
TBO =4
b/h =12
//////////////////
