Suppliers    1 2 3 4 5 6 7 8 9 10 11 12 13 14 15 
Fixed Ordering cost of each supplier o_s
 109 112 98 118 114 108 120 116 92 119 87 106 91 113 104
Unit price from each supplier (p_t)
 12 11 13 10 11 12 10 10 14 10 15 12 15 11 12
Holding Cost h
 0.2
Backordering Cost b
 0.4
Imax
 70
Time Period 1 2 3 4 5 6 7 8 9 10 11 12 13 14 15 16 17 18 19 20 21 22 23 24 25 26 27 28 29 30 31 32 33 34 35 36 37 38 39 40 
Demand d_t
 0 0 0 0 0 0 0 0 0 0 0 25 21 36 38 40 25 39 39 37 38 20 28 30 28 25 39 36 35 39 20 35 38 28 22 35 25 33 25 38 23 39 26 22 22 40 37 21 35 40 23
LMax (LMax_t)
 3 7 11 7 5 5 5 11 11 7 9 7 3 7 11
LMin (LMin_t)
 1 0 1 0 0 0 0 1 1 1 0 0 1 1 1





//////////////////
Comments:
Lmean = 2 3.5 6 3.5 2.5 2.5 2.5 6 6 4 4.5 3.5 2 4 6 
EOQ =160.624
T = 40
S = 15
TBO =6
b/h =2
//////////////////
