Suppliers    1 2 3 4 5 6 7 8 9 10 11 12 13 14 15 
Fixed Ordering cost of each supplier o_s
 112 92 87 86 120 103 98 100 94 117 114 105 97 118 116
Unit price from each supplier (p_t)
 13 16 17 17 12 15 15 15 16 12 13 14 16 12 12
Holding Cost h
 0.2
Backordering Cost b
 1.6
Imax
 70
Time Period 1 2 3 4 5 6 7 8 9 10 11 12 13 14 15 16 17 18 19 20 21 22 23 24 25 26 27 28 29 30 31 32 33 34 35 36 37 38 39 40 
Demand d_t
 0 0 0 0 0 0 0 0 0 0 0 39 32 22 31 28 28 31 40 21 25 30 40 32 39 23 20 37 21 40 23 31 28 34 31 38 30 25 33 26 29 29 40 38 26 36 22 36 35 31 39
LMax (LMax_t)
 7 11 9 11 5 7 11 7 7 9 5 9 5 7 11
LMin (LMin_t)
 0 1 0 1 0 5 1 0 0 0 0 0 3 0 1





//////////////////
Comments:
Lmean = 3.5 6 4.5 6 2.5 6 6 3.5 3.5 4.5 2.5 4.5 4 3.5 6 
EOQ =160.624
T = 40
S = 15
TBO =6
b/h =8
//////////////////
