Suppliers    1 2 3 4 5 6 7 8 9 10 
Fixed Ordering cost of each supplier o_s
 336 276 282 294 252 249 267 345 240 288
Unit price from each supplier (p_t)
 11 14 14 13 16 16 15 11 16 14
Holding Cost h
 0.2
Backordering Cost b
 2.4
Imax
 70
Time Period 1 2 3 4 5 6 7 8 9 10 11 12 13 14 15 16 17 18 19 20 21 22 23 24 25 26 27 28 29 30 31 32 33 34 35 36 37 38 39 40 41 42 43 44 45 46 47 48 49 50 
Demand d_t
 0 0 0 0 0 0 0 0 0 0 0 36 31 23 25 29 36 40 33 25 22 29 29 29 40 35 35 30 33 20 30 22 21 31 21 20 27 39 20 23 28 40 23 40 37 27 29 26 39 29 35 24 35 29 25 30 23 26 30 29 33
LMax (LMax_t)
 7 11 7 11 5 9 7 3 11 5
LMin (LMin_t)
 0 1 0 1 0 3 1 1 1 0





//////////////////
Comments:
Lmean = 3.5 6 3.5 6 2.5 6 4 2 6 2.5 
EOQ =268.328
T = 50
S = 10
TBO =10
b/h =12
//////////////////
