Suppliers    1 2 3 4 5 6 7 8 9 10 11 12 13 14 15 
Fixed Ordering cost of each supplier o_s
 56 40 45 57 55 50 38 53 43 47 44 49 42 48 46
Unit price from each supplier (p_t)
 10 13 12 10 11 11 13 11 13 12 12 12 13 12 12
Holding Cost h
 0.2
Backordering Cost b
 2.4
Imax
 70
Time Period 1 2 3 4 5 6 7 8 9 10 11 12 13 14 15 16 17 18 19 20 21 22 23 24 25 26 27 28 29 30 31 32 33 34 35 36 37 38 39 40 41 42 43 44 45 46 47 48 49 50 
Demand d_t
 0 0 0 0 0 0 0 0 0 0 0 26 28 29 24 32 31 37 31 27 35 33 38 29 40 35 38 40 27 21 31 30 24 30 22 35 27 28 31 28 20 40 32 26 32 24 38 31 27 37 34 27 38 23 39 28 28 37 23 39 30
LMax (LMax_t)
 11 7 9 9 7 11 11 9 3 7 11 5 5 5 7
LMin (LMin_t)
 1 0 0 0 5 1 1 3 1 1 1 3 0 0 0





//////////////////
Comments:
Lmean = 6 3.5 4.5 4.5 6 6 6 6 2 4 6 4 2.5 2.5 3.5 
EOQ =106.771
T = 50
S = 15
TBO =4
b/h =12
//////////////////
