Suppliers    1 2 3 4 5 6 7 8 9 10 11 12 13 14 15 
Fixed Ordering cost of each supplier o_s
 12 13 12 14 13 14 13 13 14 14 13 14 12 14 12
Unit price from each supplier (p_t)
 17 15 18 8 16 5 11 13 6 7 12 9 19 10 20
Holding Cost h
 0.2
Backordering Cost b
 2.4
Imax
 70
Time Period 1 2 3 4 5 6 7 8 9 10 11 12 13 14 15 16 17 18 19 20 21 22 23 24 25 26 27 28 29 30 31 32 33 34 35 36 37 38 39 40 41 42 43 44 45 46 47 48 49 50 
Demand d_t
 0 0 0 0 0 0 0 0 0 0 0 22 26 33 40 40 22 24 32 28 32 20 29 20 38 31 38 40 27 20 28 25 23 37 22 21 40 28 39 22 39 29 22 39 36 29 29 36 32 32 24 34 40 33 23 34 34 40 22 22 32
LMax (LMax_t)
 11 5 9 7 3 11 11 7 9 7 9 5 7 7 9
LMin (LMin_t)
 1 0 0 1 1 1 1 0 0 0 0 0 0 5 3





//////////////////
Comments:
Lmean = 6 2.5 4.5 4 2 6 6 3.5 4.5 3.5 4.5 2.5 3.5 6 6 
EOQ =60
T = 50
S = 15
TBO =2
b/h =12
//////////////////
