Suppliers    1 2 3 4 5 6 7 8 9 10 
Fixed Ordering cost of each supplier o_s
 1038 1051 960 1090 986 973 1324 1272 1259 1064
Unit price from each supplier (p_t)
 12 12 13 12 13 13 9 9 10 12
Holding Cost h
 0.2
Backordering Cost b
 2.4
Imax
 70
Time Period 1 2 3 4 5 6 7 8 9 10 11 12 13 14 15 16 17 18 19 20 21 22 23 24 25 26 27 28 29 30 31 32 33 34 35 36 37 38 39 40 41 42 43 44 45 46 47 48 49 50 
Demand d_t
 0 0 0 0 0 0 0 0 0 0 0 21 26 34 40 28 31 25 30 30 23 25 24 35 33 28 23 38 31 35 20 29 26 28 26 27 35 33 33 33 40 38 28 33 27 21 34 29 24 31 25 21 20 39 35 21 30 29 30 20 31
LMax (LMax_t)
 11 9 11 5 7 9 5 11 7 7
LMin (LMin_t)
 1 0 1 0 0 0 0 1 5 0





//////////////////
Comments:
Lmean = 6 4.5 6 2.5 3.5 4.5 2.5 6 6 3.5 
EOQ =536.656
T = 50
S = 10
TBO =20
b/h =12
//////////////////
