Suppliers    1 2 3 4 5 6 7 8 9 10 11 12 13 14 15 
Fixed Ordering cost of each supplier o_s
 1116 1376 1051 1220 1025 1181 1155 973 1077 1259 1129 1207 1324 1142 1363
Unit price from each supplier (p_t)
 15 12 16 14 17 15 15 17 16 14 15 14 13 15 12
Holding Cost h
 0.2
Backordering Cost b
 2.4
Imax
 70
Time Period 1 2 3 4 5 6 7 8 9 10 11 12 13 14 15 16 17 18 19 20 21 22 23 24 25 26 27 28 29 30 31 32 33 34 35 36 37 38 39 40 41 42 43 44 45 46 47 48 49 50 
Demand d_t
 0 0 0 0 0 0 0 0 0 0 0 25 36 32 22 23 23 24 35 21 39 25 23 37 20 35 22 33 33 30 30 20 40 28 31 33 40 38 26 24 35 21 31 33 36 40 36 40 25 27 28 29 38 29 24 35 36 40 38 20 31
LMax (LMax_t)
 11 7 9 7 5 7 7 9 7 3 9 9 5 7 9
LMin (LMin_t)
 1 0 0 0 3 5 1 0 1 1 0 0 0 0 0





//////////////////
Comments:
Lmean = 6 3.5 4.5 3.5 4 6 4 4.5 4 2 4.5 4.5 2.5 3.5 4.5 
EOQ =536.656
T = 50
S = 15
TBO =20
b/h =12
//////////////////
