Suppliers    1 2 3 4 5 6 7 8 9 10 11 12 13 14 15 
Fixed Ordering cost of each supplier o_s
 1402 1220 1168 1350 986 1051 1129 1077 1376 1064 1298 1038 1090 1233 1142
Unit price from each supplier (p_t)
 13 15 16 13 18 17 16 17 13 17 14 17 17 15 16
Holding Cost h
 0.2
Backordering Cost b
 2.4
Imax
 70
Time Period 1 2 3 4 5 6 7 8 9 10 11 12 13 14 15 16 17 18 19 20 21 22 23 24 25 26 27 28 29 30 31 32 33 34 35 36 37 38 39 40 41 42 43 44 45 46 47 48 49 50 
Demand d_t
 0 0 0 0 0 0 0 0 0 0 0 33 21 37 20 21 40 20 25 27 39 32 26 34 25 26 25 27 22 21 30 34 33 23 36 25 40 20 22 22 34 38 28 35 27 36 37 37 22 30 33 37 39 34 28 33 28 29 39 35 29
LMax (LMax_t)
 5 7 5 11 7 9 9 9 7 7 7 11 5 9 7
LMin (LMin_t)
 0 0 0 1 0 0 0 3 0 0 0 1 0 3 0





//////////////////
Comments:
Lmean = 2.5 3.5 2.5 6 3.5 4.5 4.5 6 3.5 3.5 3.5 6 2.5 6 3.5 
EOQ =536.656
T = 50
S = 15
TBO =20
b/h =12
//////////////////
