Suppliers    1 2 3 4 5 6 7 8 9 10 
Fixed Ordering cost of each supplier o_s
 1025 1376 999 1285 1012 1402 1038 1298 1246 960
Unit price from each supplier (p_t)
 17 12 17 13 17 12 16 13 14 17
Holding Cost h
 0.2
Backordering Cost b
 2.4
Imax
 70
Time Period 1 2 3 4 5 6 7 8 9 10 11 12 13 14 15 16 17 18 19 20 21 22 23 24 25 26 27 28 29 30 31 32 33 34 35 36 37 38 39 40 41 42 43 44 45 46 47 48 49 50 
Demand d_t
 0 0 0 0 0 0 0 0 0 0 0 20 22 25 21 21 24 23 40 23 38 38 24 34 37 29 29 25 20 32 26 27 35 36 31 35 23 32 25 31 34 30 38 22 26 30 29 36 26 30 38 21 27 40 38 32 33 27 39 26 20
LMax (LMax_t)
 7 7 7 9 5 5 11 7 5 11
LMin (LMin_t)
 5 0 1 0 0 0 1 0 0 1





//////////////////
Comments:
Lmean = 6 3.5 4 4.5 2.5 2.5 6 3.5 2.5 6 
EOQ =536.656
T = 50
S = 10
TBO =20
b/h =12
//////////////////
