Suppliers    1 2 3 4 5 6 7 8 9 10 11 12 13 14 15 
Fixed Ordering cost of each supplier o_s
 42 49 44 56 48 50 43 53 52 47 51 58 46 40 38
Unit price from each supplier (p_t)
 12 11 11 9 11 10 12 10 10 11 10 9 11 12 12
Holding Cost h
 0.2
Backordering Cost b
 2.4
Imax
 70
Time Period 1 2 3 4 5 6 7 8 9 10 11 12 13 14 15 16 17 18 19 20 21 22 23 24 25 26 27 28 29 30 31 32 33 34 35 36 37 38 39 40 41 42 43 44 45 46 47 48 49 50 
Demand d_t
 0 0 0 0 0 0 0 0 0 0 0 28 30 26 28 26 31 23 34 38 32 32 36 27 22 27 25 25 23 27 37 23 38 31 22 23 36 33 24 39 27 30 23 20 23 28 31 35 21 24 40 24 20 27 29 40 29 36 27 28 26
LMax (LMax_t)
 5 7 11 11 5 11 3 9 7 7 9 7 7 7 11
LMin (LMin_t)
 0 5 1 1 0 1 1 3 0 1 0 0 0 0 1





//////////////////
Comments:
Lmean = 2.5 6 6 6 2.5 6 2 6 3.5 4 4.5 3.5 3.5 3.5 6 
EOQ =106.771
T = 50
S = 15
TBO =4
b/h =12
//////////////////
