Suppliers    1 2 3 4 5 6 7 8 9 10 11 12 13 14 15 
Fixed Ordering cost of each supplier o_s
 330 306 264 318 333 297 246 273 243 324 267 258 309 240 276
Unit price from each supplier (p_t)
 14 16 18 15 14 16 19 18 19 15 18 18 16 19 17
Holding Cost h
 0.2
Backordering Cost b
 2.4
Imax
 70
Time Period 1 2 3 4 5 6 7 8 9 10 11 12 13 14 15 16 17 18 19 20 21 22 23 24 25 26 27 28 29 30 31 32 33 34 35 36 37 38 39 40 41 42 43 44 45 46 47 48 49 50 
Demand d_t
 0 0 0 0 0 0 0 0 0 0 0 21 38 25 20 22 34 33 39 23 22 22 20 23 34 30 26 23 21 40 38 20 24 21 20 32 27 30 32 24 30 40 36 24 28 26 20 29 33 33 32 34 32 23 20 25 20 31 32 37 33
LMax (LMax_t)
 11 5 7 7 9 9 7 5 9 5 9 11 3 11 11
LMin (LMin_t)
 1 0 0 0 0 0 0 3 0 0 3 1 1 1 1





//////////////////
Comments:
Lmean = 6 2.5 3.5 3.5 4.5 4.5 3.5 4 4.5 2.5 6 6 2 6 6 
EOQ =268.328
T = 50
S = 15
TBO =10
b/h =12
//////////////////
