Suppliers    1 2 3 4 5 6 7 8 9 10 11 12 13 14 15 
Fixed Ordering cost of each supplier o_s
 1051 1402 1415 1363 1298 1025 1220 1246 1207 1285 1324 1155 1038 986 1116
Unit price from each supplier (p_t)
 18 14 14 14 15 19 16 16 16 15 15 17 18 19 17
Holding Cost h
 0.2
Backordering Cost b
 2.4
Imax
 70
Time Period 1 2 3 4 5 6 7 8 9 10 11 12 13 14 15 16 17 18 19 20 21 22 23 24 25 26 27 28 29 30 31 32 33 34 35 36 37 38 39 40 41 42 43 44 45 46 47 48 49 50 
Demand d_t
 0 0 0 0 0 0 0 0 0 0 0 28 38 30 34 35 36 30 35 28 25 37 25 24 31 21 20 37 21 23 37 38 31 26 35 20 39 20 29 28 40 36 35 39 24 23 40 26 39 40 40 22 26 25 24 26 37 26 33 27 39
LMax (LMax_t)
 9 5 5 9 7 7 7 5 9 9 5 9 11 7 11
LMin (LMin_t)
 0 0 3 0 0 5 0 0 0 0 0 3 1 0 1





//////////////////
Comments:
Lmean = 4.5 2.5 4 4.5 3.5 6 3.5 2.5 4.5 4.5 2.5 6 6 3.5 6 
EOQ =536.656
T = 50
S = 15
TBO =20
b/h =12
//////////////////
