Suppliers    1 2 3 4 5 6 7 8 9 10 
Fixed Ordering cost of each supplier o_s
 1324 1142 1025 1376 1194 960 1103 1012 1350 1220
Unit price from each supplier (p_t)
 14 16 18 13 15 18 17 18 13 15
Holding Cost h
 0.2
Backordering Cost b
 2.4
Imax
 70
Time Period 1 2 3 4 5 6 7 8 9 10 11 12 13 14 15 16 17 18 19 20 21 22 23 24 25 26 27 28 29 30 31 32 33 34 35 36 37 38 39 40 41 42 43 44 45 46 47 48 49 50 
Demand d_t
 0 0 0 0 0 0 0 0 0 0 0 26 35 33 21 39 21 37 20 38 24 25 22 37 20 24 26 31 37 31 28 36 21 22 31 32 24 35 40 26 39 20 26 32 29 27 40 40 26 36 22 24 28 21 32 25 24 39 24 25 37
LMax (LMax_t)
 5 7 5 7 11 11 7 5 11 7
LMin (LMin_t)
 0 0 3 0 1 1 5 0 1 0





//////////////////
Comments:
Lmean = 2.5 3.5 4 3.5 6 6 6 2.5 6 3.5 
EOQ =536.656
T = 50
S = 10
TBO =20
b/h =12
//////////////////
