Suppliers    1 2 3 4 5 6 7 8 9 10 
Fixed Ordering cost of each supplier o_s
 999 1298 1402 1103 1259 1415 1246 1051 1090 1077
Unit price from each supplier (p_t)
 16 12 11 15 13 11 13 15 15 15
Holding Cost h
 0.2
Backordering Cost b
 2.4
Imax
 70
Time Period 1 2 3 4 5 6 7 8 9 10 11 12 13 14 15 16 17 18 19 20 21 22 23 24 25 26 27 28 29 30 31 32 33 34 35 36 37 38 39 40 41 42 43 44 45 46 47 48 49 50 
Demand d_t
 0 0 0 0 0 0 0 0 0 0 0 27 33 40 20 36 35 23 36 26 38 36 35 20 31 27 26 38 40 28 20 22 40 30 25 22 29 29 27 33 34 33 24 25 38 34 31 22 26 33 35 27 33 22 23 37 32 26 31 37 26
LMax (LMax_t)
 7 7 5 7 3 7 5 9 5 9
LMin (LMin_t)
 1 0 0 5 1 5 0 0 0 3





//////////////////
Comments:
Lmean = 4 3.5 2.5 6 2 6 2.5 4.5 2.5 6 
EOQ =536.656
T = 50
S = 10
TBO =20
b/h =12
//////////////////
