Suppliers    1 2 3 4 5 6 7 8 9 10 
Fixed Ordering cost of each supplier o_s
 339 249 294 330 273 324 336 270 291 261
Unit price from each supplier (p_t)
 13 18 15 13 17 14 13 17 16 17
Holding Cost h
 0.2
Backordering Cost b
 2.4
Imax
 70
Time Period 1 2 3 4 5 6 7 8 9 10 11 12 13 14 15 16 17 18 19 20 21 22 23 24 25 26 27 28 29 30 31 32 33 34 35 36 37 38 39 40 41 42 43 44 45 46 47 48 49 50 
Demand d_t
 0 0 0 0 0 0 0 0 0 0 0 29 30 35 29 32 24 38 29 38 26 27 20 39 31 28 28 22 34 21 38 32 33 36 35 30 33 26 32 39 23 33 30 30 29 34 39 36 31 32 32 38 23 33 38 37 20 27 35 23 24
LMax (LMax_t)
 7 9 11 11 5 5 7 5 7 9
LMin (LMin_t)
 1 3 1 1 3 0 0 0 5 0





//////////////////
Comments:
Lmean = 4 6 6 6 4 2.5 3.5 2.5 6 4.5 
EOQ =268.328
T = 50
S = 10
TBO =10
b/h =12
//////////////////
