Suppliers    1 2 3 4 5 6 7 8 9 10 
Fixed Ordering cost of each supplier o_s
 282 312 261 324 243 258 339 288 294 303
Unit price from each supplier (p_t)
 12 10 13 10 14 13 9 12 11 11
Holding Cost h
 0.2
Backordering Cost b
 2.4
Imax
 70
Time Period 1 2 3 4 5 6 7 8 9 10 11 12 13 14 15 16 17 18 19 20 21 22 23 24 25 26 27 28 29 30 31 32 33 34 35 36 37 38 39 40 41 42 43 44 45 46 47 48 49 50 
Demand d_t
 0 0 0 0 0 0 0 0 0 0 0 29 28 29 22 20 38 26 24 32 23 22 23 40 31 29 22 27 29 29 25 32 33 24 36 21 37 36 28 27 38 21 37 26 26 32 37 36 39 36 34 36 37 32 33 29 37 40 34 23 23
LMax (LMax_t)
 7 11 9 5 9 11 9 5 11 7
LMin (LMin_t)
 0 1 0 0 0 1 3 0 1 1





//////////////////
Comments:
Lmean = 3.5 6 4.5 2.5 4.5 6 6 2.5 6 4 
EOQ =268.328
T = 50
S = 10
TBO =10
b/h =12
//////////////////
