Suppliers    1 2 3 4 5 6 7 8 9 10 11 12 13 14 15 
Fixed Ordering cost of each supplier o_s
 1259 1363 1376 1090 1181 1194 1038 1051 1389 1311 1324 1012 1155 1129 1402
Unit price from each supplier (p_t)
 12 10 10 14 13 12 14 14 10 11 11 15 13 13 10
Holding Cost h
 0.2
Backordering Cost b
 2.4
Imax
 70
Time Period 1 2 3 4 5 6 7 8 9 10 11 12 13 14 15 16 17 18 19 20 21 22 23 24 25 26 27 28 29 30 31 32 33 34 35 36 37 38 39 40 41 42 43 44 45 46 47 48 49 50 
Demand d_t
 0 0 0 0 0 0 0 0 0 0 0 23 33 26 33 24 20 30 21 24 39 34 35 34 30 27 31 28 39 21 31 29 33 27 21 25 34 23 25 21 25 27 20 28 21 30 20 40 27 40 35 33 38 35 23 33 21 21 40 38 29
LMax (LMax_t)
 7 9 7 5 5 11 11 9 9 7 5 5 7 9 5
LMin (LMin_t)
 5 0 0 0 3 1 1 0 3 1 0 0 1 0 0





//////////////////
Comments:
Lmean = 6 4.5 3.5 2.5 4 6 6 4.5 6 4 2.5 2.5 4 4.5 2.5 
EOQ =536.656
T = 50
S = 15
TBO =20
b/h =12
//////////////////
