Suppliers    1 2 3 4 5 6 7 8 9 10 11 12 13 14 15 
Fixed Ordering cost of each supplier o_s
 285 249 264 252 339 321 246 300 255 342 288 276 336 279 273
Unit price from each supplier (p_t)
 18 20 19 20 15 16 20 17 20 15 18 18 15 18 19
Holding Cost h
 0.2
Backordering Cost b
 2.4
Imax
 70
Time Period 1 2 3 4 5 6 7 8 9 10 11 12 13 14 15 16 17 18 19 20 21 22 23 24 25 26 27 28 29 30 31 32 33 34 35 36 37 38 39 40 41 42 43 44 45 46 47 48 49 50 
Demand d_t
 0 0 0 0 0 0 0 0 0 0 0 34 28 38 38 36 38 39 29 31 20 24 35 23 20 33 22 20 40 27 28 33 21 40 30 23 38 33 28 40 39 28 24 37 27 21 25 23 23 24 21 38 40 20 29 28 33 25 39 31 28
LMax (LMax_t)
 9 9 7 5 7 9 7 7 7 5 5 11 7 9 7
LMin (LMin_t)
 3 3 0 0 1 3 0 0 5 0 0 1 0 0 5





//////////////////
Comments:
Lmean = 6 6 3.5 2.5 4 6 3.5 3.5 6 2.5 2.5 6 3.5 4.5 6 
EOQ =268.328
T = 50
S = 15
TBO =10
b/h =12
//////////////////
