Suppliers    1 2 3 4 5 6 7 8 9 10 11 12 13 14 15 
Fixed Ordering cost of each supplier o_s
 1337 999 1155 1077 960 986 1363 1051 1181 973 1038 1194 1103 1129 1116
Unit price from each supplier (p_t)
 16 20 18 19 20 20 15 19 18 20 19 17 19 18 18
Holding Cost h
 0.2
Backordering Cost b
 2.4
Imax
 70
Time Period 1 2 3 4 5 6 7 8 9 10 11 12 13 14 15 16 17 18 19 20 21 22 23 24 25 26 27 28 29 30 31 32 33 34 35 36 37 38 39 40 41 42 43 44 45 46 47 48 49 50 
Demand d_t
 0 0 0 0 0 0 0 0 0 0 0 23 34 20 34 37 31 39 35 22 39 29 24 22 35 26 26 39 40 28 30 35 27 20 30 31 27 22 21 29 23 31 20 39 35 35 28 23 37 22 31 37 36 31 20 22 23 32 21 32 20
LMax (LMax_t)
 7 9 7 7 11 7 9 9 5 9 11 11 3 9 11
LMin (LMin_t)
 5 3 1 1 1 0 0 0 3 0 1 1 1 0 1





//////////////////
Comments:
Lmean = 6 6 4 4 6 3.5 4.5 4.5 4 4.5 6 6 2 4.5 6 
EOQ =536.656
T = 50
S = 15
TBO =20
b/h =12
//////////////////
