Suppliers    1 2 3 4 5 6 7 8 9 10 11 12 13 14 15 
Fixed Ordering cost of each supplier o_s
 291 261 306 252 258 345 270 279 243 276 339 336 300 285 309
Unit price from each supplier (p_t)
 11 12 10 13 12 8 12 11 13 11 8 8 10 11 10
Holding Cost h
 0.2
Backordering Cost b
 2.4
Imax
 70
Time Period 1 2 3 4 5 6 7 8 9 10 11 12 13 14 15 16 17 18 19 20 21 22 23 24 25 26 27 28 29 30 31 32 33 34 35 36 37 38 39 40 41 42 43 44 45 46 47 48 49 50 
Demand d_t
 0 0 0 0 0 0 0 0 0 0 0 25 30 26 29 34 35 37 36 20 35 33 30 29 28 20 23 31 33 26 33 23 34 32 40 29 25 35 22 28 28 27 34 26 30 34 22 33 31 39 32 40 21 35 38 26 23 22 29 26 26
LMax (LMax_t)
 7 9 5 5 11 7 5 9 9 11 9 7 7 9 3
LMin (LMin_t)
 5 0 0 0 1 5 0 0 0 1 3 0 0 3 1





//////////////////
Comments:
Lmean = 6 4.5 2.5 2.5 6 6 2.5 4.5 4.5 6 6 3.5 3.5 6 2 
EOQ =268.328
T = 50
S = 15
TBO =10
b/h =12
//////////////////
