Suppliers    1 2 3 4 5 6 7 8 9 10 11 12 13 14 15 
Fixed Ordering cost of each supplier o_s
 303 327 315 333 306 276 291 279 264 273 318 330 294 288 300
Unit price from each supplier (p_t)
 15 14 14 13 15 16 16 16 17 17 14 13 15 16 15
Holding Cost h
 0.2
Backordering Cost b
 2.4
Imax
 70
Time Period 1 2 3 4 5 6 7 8 9 10 11 12 13 14 15 16 17 18 19 20 21 22 23 24 25 26 27 28 29 30 31 32 33 34 35 36 37 38 39 40 41 42 43 44 45 46 47 48 49 50 
Demand d_t
 0 0 0 0 0 0 0 0 0 0 0 23 36 26 32 25 27 33 29 20 36 39 37 31 26 36 23 40 33 35 36 35 37 33 22 33 21 36 40 22 31 39 23 29 33 40 21 34 39 32 39 35 22 20 33 38 28 38 25 25 29
LMax (LMax_t)
 9 7 9 9 5 11 3 9 7 3 7 11 11 5 7
LMin (LMin_t)
 3 5 0 0 0 1 1 0 0 1 0 1 1 0 0





//////////////////
Comments:
Lmean = 6 6 4.5 4.5 2.5 6 2 4.5 3.5 2 3.5 6 6 2.5 3.5 
EOQ =268.328
T = 50
S = 15
TBO =10
b/h =12
//////////////////
