Suppliers    1 2 3 4 5 6 7 8 9 10 11 12 13 14 15 
Fixed Ordering cost of each supplier o_s
 14 12 12 14 13 13 13 14 14 12 13 14 12 13 13
Unit price from each supplier (p_t)
 6 20 19 10 14 13 11 9 8 18 15 7 17 12 16
Holding Cost h
 0.2
Backordering Cost b
 2.4
Imax
 70
Time Period 1 2 3 4 5 6 7 8 9 10 11 12 13 14 15 16 17 18 19 20 21 22 23 24 25 26 27 28 29 30 31 32 33 34 35 36 37 38 39 40 41 42 43 44 45 46 47 48 49 50 
Demand d_t
 0 0 0 0 0 0 0 0 0 0 0 39 40 33 22 26 38 25 31 37 29 38 36 25 32 28 30 27 21 36 24 38 38 33 33 38 37 27 39 21 22 35 23 35 36 20 21 26 30 21 24 21 31 21 21 23 36 27 31 40 30
LMax (LMax_t)
 9 7 7 7 7 7 11 5 7 9 5 7 11 9 5
LMin (LMin_t)
 0 1 0 5 1 0 1 0 1 0 0 0 1 0 3





//////////////////
Comments:
Lmean = 4.5 4 3.5 6 4 3.5 6 2.5 4 4.5 2.5 3.5 6 4.5 4 
EOQ =0
T = 50
S = 15
TBO =1
b/h =12
//////////////////
