Suppliers    1 2 3 4 5 6 7 8 9 10 11 12 13 14 15 
Fixed Ordering cost of each supplier o_s
 1246 1012 1181 1311 1168 1259 1051 1415 1142 1207 1324 1116 1363 1155 1064
Unit price from each supplier (p_t)
 12 15 13 11 13 12 14 10 13 12 11 13 10 13 14
Holding Cost h
 0.2
Backordering Cost b
 2.4
Imax
 70
Time Period 1 2 3 4 5 6 7 8 9 10 11 12 13 14 15 16 17 18 19 20 21 22 23 24 25 26 27 28 29 30 
Demand d_t
 0 0 0 0 0 0 0 0 0 0 0 20 20 24 39 26 34 31 20 26 33 31 23 30 40 37 22 35 40 39 20 20 40 26 24 36 21 40 37 26 29
LMax (LMax_t)
 5 5 3 9 5 7 9 7 7 9 5 11 9 7 7
LMin (LMin_t)
 0 0 1 3 0 5 0 5 0 0 0 1 0 1 0





//////////////////
Comments:
Lmean = 2.5 2.5 2 6 2.5 6 4.5 6 3.5 4.5 2.5 6 4.5 4 3.5 
EOQ =536.656
T = 30
S = 15
TBO =20
b/h =12
//////////////////
